Size	BST/Insert	BST/Remove	BST/Search	DLL/Insert at the back	DLL/Insert at the front	DLL/Remove from the back	DLL/Remove from the front	DLL/Search	Hash Table/Insert	Hash Table/Remove	Hash Table/Search	SLL/Insert at the back	SLL/Insert at the front	SLL/Remove from the back	SLL/Remove from the front	SLL/Search	Vector/Insert at the back	Vector/Insert at the front	Vector/Remove from the back	Vector/Remove from the front	Vector/Search
250	39	8	0	7	11	0	100	36	44	262	0	35	11	1	149	32	64	294	0	214	45
500	20	3	0	11	11	0	4	337	14	5	0	287	7	228	3	347	57	855	0	786	310
750	35	4	0	5	15	0	0	636	29	3	0	525	16	638	0	655	64	1447	1	1372	578
1000	23	8	0	12	13	3	2	937	7	11	0	743	15	641	1	952	6	2009	0	1958	852
1250	13	4	0	1	0	0	0	1251	54	4	0	843	3	790	0	1297	63	2641	0	2532	1138
1500	18	2	0	2	0	0	0	1575	0	0	0	1125	1	1044	0	1611	20	3224	0	3112	1388
1750	5	9	0	2	1	0	0	1943	63	0	0	1312	2	1251	0	2042	92	3819	1	3711	1672
2000	10	61	0	2	11	2	3	2620	25	5	0	1637	9	1497	0	2767	7	4361	0	4275	1927
2250	14	8	0	14	2	0	0	3380	79	0	0	2000	3	2078	1	3602	9	4963	0	4879	2196
2500	6	8	0	0	4	0	0	3979	12	1	0	2872	52	2709	0	4429	139	5714	0	5499	2509
2750	24	10	0	6	48	0	0	4511	5	0	0	3863	2	3696	0	4853	7	6306	0	6244	2749
3000	12	7	0	2	2	0	0	4950	2	1	0	4913	1	4930	0	5259	6	7039	0	6946	3041
3250	15	9	0	9	0	0	0	5365	3	6	0	5911	1	5781	0	5680	15	7694	0	7606	3303
3500	22	7	0	1	0	1	0	5773	12	1	0	6517	47	6366	0	6113	13	8305	0	8543	3564
3750	11	131	0	11	49	0	0	6159	3	5	0	6969	3	6829	0	6535	196	9057	0	8859	3983
4000	11	8	0	1	3	0	0	6577	2	4	0	7442	5	7283	71	6946	7	9517	0	9536	4116
4250	21	19	0	0	3	0	0	6967	168	2	0	7904	2	7723	0	7391	9	10152	0	10059	4383
4500	14	16	0	0	2	0	0	7361	1	1	0	8435	51	8187	0	7839	6	10735	0	10697	4641
4750	16	17	0	24	51	0	0	7829	2	3	0	8852	3	8682	0	8285	6	11329	0	11268	4916
5000	23	16	0	3	2	0	0	8257	48	3	0	9723	2	9110	0	8766	9	11948	0	11984	5197
5250	14	13	0	6	5	0	0	8706	1	91	0	9757	2	9600	0	9290	13	12555	0	12495	5454
5500	12	26	0	5	12	47	4	9160	2	12	0	10206	22	10030	3	9732	298	13468	0	13042	6016
5750	26	19	0	41	2	0	0	9621	23	1	0	10622	0	10462	1	10286	7	13773	0	13680	6009
6000	11	14	0	4	2	0	92	10079	3	5	0	11076	2	10905	0	10774	6	14366	15	14270	6281
6250	17	12	0	3	5	3	0	10547	2	1	0	11517	3	11388	0	11260	7	14979	0	14879	6557
6500	18	18	0	7	0	1	0	11012	2	2	0	11955	2	11838	0	11752	8	15585	0	15512	6853
6750	13	13	0	5	0	0	0	11444	6	2	0	12394	4	12289	0	12264	6	16195	0	16075	7084
7000	17	3	0	3	1	0	0	11912	6	2	0	12870	1	12782	0	12755	6	16798	0	16693	7374
7250	40	0	0	3	2	0	0	12366	1	1	0	13330	3	13235	0	13297	15	17410	1	17294	7621
7500	13	3	0	19	4	0	0	12804	24	1	0	13897	101	13723	0	13802	11	18021	0	17905	7908
7750	22	11	0	69	100	0	0	13274	2	0	0	14210	2	14202	0	14297	9	18615	0	18509	8170
8000	16	9	0	18	1	0	0	13711	2	3	0	14676	2	14658	223	14749	9	19237	0	19108	8450
8250	13	8	0	20	1	0	0	14166	250	1	0	15135	3	15126	0	15207	554	20160	0	19727	9038
8500	13	15	0	31	14	0	0	14636	4	124	0	15620	13	15604	0	15657	22	20448	0	20316	8985
8750	54	18	0	11	1	0	0	15091	5	1	0	16078	20	16057	0	16121	7	21042	0	20948	9251
9000	25	12	0	21	3	0	0	15558	4	1	0	16539	2	16508	0	16591	6	21661	0	21532	9535
9250	16	18	0	3	1	0	0	16010	23	4	0	16986	1	16966	0	17023	7	22249	0	22134	9799
9500	24	12	0	3	2	209	0	16475	3	4	0	17547	101	17650	0	17478	7	22865	0	22818	10061
9750	19	104	0	38	102	0	0	16900	2	2	0	17897	2	17906	0	17992	34	23481	0	23362	10401
10000	21	15	0	2	0	14	84	17370	3	3	0	18365	1	18358	0	18404	7	24091	0	23969	10638
10250	40	10	0	6	4	0	0	17832	9	3	0	18827	4	18831	0	18811	8	24696	0	24574	10880
10500	19	10	0	2	2	3	0	18319	6	3	0	19271	3	19366	1	19204	7	25308	3	25186	11156
10750	19	17	0	2	2	0	0	18755	101	1	0	19735	3	19762	0	19665	6	25889	0	25803	11407
11000	22	20	0	3	1	1	0	19155	3	1	0	20191	4	20222	0	20118	7	26515	0	26387	11742
11250	25	18	0	5	7	1	0	19626	2	2	0	20667	1	20715	0	20522	15	27864	0	27033	12728
11500	17	14	0	3	1	0	0	20093	3	1	0	21121	4	21137	0	20962	7	27814	0	27602	13709
11750	38	10	0	34	105	0	0	20534	3	1	0	21694	102	21604	0	21458	35	28377	0	28208	12544
12000	23	15	0	2	1	0	1	20976	2	126	0	22021	4	22096	3	21890	7	29408	0	28807	12768
12250	15	15	0	11	1	0	0	21446	1	4	0	22469	2	22552	0	22400	835	30726	0	29421	13363
12500	17	19	0	1	0	1	0	21882	101	5	0	22918	4	23024	0	22865	7	30380	0	30042	13371
12750	24	166	0	5	0	1	0	22425	2	2	0	23350	6	23546	0	23275	8	30762	0	30665	17608
13000	23	16	0	5	3	0	1	22919	2	1	0	23860	7	23900	0	23710	61	31380	0	31232	14197
13250	121	23	0	4	1	0	0	23581	2	5	0	24292	2	24340	0	24151	8	31976	0	31844	14222
13500	22	18	0	8	1	0	0	23753	1	3	0	24730	2	24809	0	24533	7	32690	1	32455	14767
13750	19	22	0	62	103	3	1	24180	6	2	0	25294	105	25290	0	24969	36	33199	0	33044	14932
14000	21	16	0	17	1	0	102	24610	100	4	0	25629	1	25709	0	25402	8	33853	0	33664	14987
14250	28	24	0	18	2	0	0	25066	2	6	0	26093	5	26190	0	25846	7	34396	0	34333	15199
14500	28	18	0	11	1	0	0	25492	0	4	0	26519	0	26651	0	26343	7	35013	0	34867	15485
14750	123	23	0	7	1	0	0	25929	2	1	0	26962	2	27103	0	26812	6	35615	0	35487	15729
15000	21	15	0	6	1	0	4	26399	3	4	0	27427	3	27617	0	27253	7	36230	0	36081	16011
15250	27	20	0	4	3	1	0	26859	1	9	0	27886	6	28150	0	27793	8	36817	0	37202	16287
15500	30	23	0	4	0	1	0	27358	45	4	0	28339	4	28649	0	28226	8	37435	0	37690	16569
15750	24	16	0	34	103	0	1	27727	104	28	0	28897	101	29107	0	28648	36	38037	0	38643	16831
16000	22	26	0	3	1	0	1	28130	3	3	0	29248	2	29528	6	29073	58	38858	0	38520	17122
16250	125	19	0	4	0	1	0	28528	28	1	0	29726	2	29898	0	29581	32	39260	3	39127	17369
16500	27	22	0	2	2	0	0	28933	607	1	0	30310	4	30432	1	30023	7	39842	1	39723	17633
16750	22	24	0	2	2	0	0	29385	1	4	0	30700	5	30896	0	30423	8	40465	0	40316	17899
17000	21	26	0	2	2	0	0	29781	0	1	0	31243	2	31308	0	30890	6	41071	0	40939	18170
17250	28	25	0	3	2	0	0	30172	3	3	0	31671	2	31813	0	31323	59	41689	0	41685	18451
17500	33	19	0	2	1	0	0	30595	15	2	0	32106	3	32270	0	31899	7	42316	0	42168	18712
17750	124	17	0	29	104	5	0	30954	1	1	0	32685	109	32713	0	32496	37	42979	0	42747	18976
18000	33	19	0	7	1	1	5	31412	5	1	0	32981	3	33187	1	32668	11	43608	0	43391	19259
18250	25	20	0	3	0	0	1	31804	1	5	0	33385	2	33582	0	33042	1152	45326	0	43970	19984
18500	29	24	0	3	1	0	1	32283	3	157	0	33853	1	34024	0	33462	6	44741	0	44578	19809
18750	35	147	0	3	3	0	0	32730	3	5	0	34416	3	34517	0	33927	10	45373	1	45173	20071
19000	27	23	0	0	0	0	0	33151	101	6	0	34878	1	35019	0	34399	7	46165	0	45786	20801
19250	105	23	0	1	1	1	0	33716	3	3	0	35225	3	35612	0	35074	6	46801	0	46417	20615
19500	14	34	0	0	0	0	0	34185	0	5	0	35640	2	36106	1	35284	8	47185	0	47010	20890
19750	12	28	0	73	104	0	2	34656	1	11	0	36434	105	36583	3	35720	34	47767	0	47592	21153
20000	17	26	0	2	3	1	0	35095	0	1	0	36541	2	37109	124	36178	8	48386	0	48217	21420
20250	39	25	0	2	3	0	1	35414	1	6	0	36945	4	37599	0	36605	7	48950	0	48830	21681
20500	36	24	0	3	0	0	0	35835	1	3	0	37408	2	38044	0	37149	6	49553	0	49433	22076
20750	129	28	0	0	1	0	0	36193	103	3	0	37856	3	38628	1	37555	7	50186	0	50043	22410
21000	26	23	0	1	0	0	1	36603	1	3	0	38325	6	38962	0	37990	7	50774	0	50623	22666
21250	86	33	0	16	50	216	1	37036	15	2	0	38842	53	39549	0	38436	105	51377	0	51517	22840
21500	27	26	0	2	3	0	0	37682	3	5	0	39203	2	39980	0	38900	7	51982	0	52276	23078
21750	36	122	0	97	105	3	2	38733	3	15	0	39950	102	40712	3	39447	38	52590	0	52508	23325
22000	30	30	0	3	0	0	141	38524	1	3	0	40352	3	41001	0	39835	6	53199	0	53088	23602
22250	105	24	0	6	11	2	0	38841	101	1	0	40701	8	41551	0	40339	57	53822	1	55594	23854
22500	24	35	0	3	3	0	0	39586	0	3	0	41161	1	42082	0	40741	8	54444	0	63113	24135
22750	38	31	0	3	0	0	0	40416	7	4	0	41643	2	42897	0	41177	7	55010	0	54879	24406
23000	31	30	0	4	0	0	0	40164	4	2	0	42073	1	43741	0	41654	7	55617	0	55488	24662
23250	27	27	0	3	0	0	0	40672	4	5	0	42639	1	43872	0	42202	7	56249	0	56094	24936
23500	26	33	0	2	0	1	0	41152	2	2	0	43003	3	44067	0	42528	6	57108	0	56665	25240
23750	135	25	0	102	102	1	0	41689	2	3	0	43800	103	44453	0	43005	8	57643	0	57328	25499
24000	35	35	0	1	2	0	0	42226	103	2	0	43869	2	44923	138	43440	36	58088	0	58124	25747
24250	40	33	0	4	2	0	0	42712	4	8	0	44249	2	45424	0	44067	6	59304	0	58517	26024
24500	30	30	0	8	7	0	0	43171	2	5	0	44719	7	45884	0	45329	32	59372	0	59121	26308
24750	32	190	0	3	2	0	0	43638	4	4	0	45193	4	46285	0	45868	6	59912	0	59745	26581
25000	23	66	0	4	2	0	0	44072	5	123	0	45705	3	46735	1	45187	6	60485	0	60414	26842
25250	136	41	0	4	0	0	3	44542	9	5	0	46236	1	47204	4	46262	8	61107	0	60938	27106
25500	44	33	0	4	1	0	0	44938	9	11	0	46731	3	47784	0	46185	6	61728	0	61668	27384
25750	25	43	0	102	106	4	0	45429	29	7	0	47327	102	48195	0	46538	7	62320	1	62586	27722
26000	37	28	0	4	0	0	0	45872	7	7	0	47747	4	48701	0	46951	36	63080	0	64426	27917
26250	33	35	0	3	1	1	3	46214	6	7	0	48253	2	49221	0	47567	7	63736	0	63491	28197
26500	36	35	0	3	1	0	0	46652	4	4	0	48722	0	50582	0	48972	7	64138	0	63992	28460
26750	137	43	0	2	0	1	0	47035	6	4	0	49230	0	50246	0	49036	8	64739	0	64558	28756
27000	33	40	0	4	1	0	0	47447	4	4	0	49740	0	50848	0	49032	6	65303	0	65473	28999
27250	209	28	0	3	4	0	0	48078	107	6	0	50597	0	51338	0	49624	59	65916	1	65802	29279
27500	279	25	0	2	2	0	0	49634	3	3	0	53888	6	51739	0	50002	1904	68259	0	66389	30158
27750	343	13	0	110	110	0	0	51623	9	4	0	51561	104	52138	1	50481	6	67408	0	66989	29826
28000	401	24	0	4	14	1	0	49378	2	2	0	51523	13	52636	0	50921	51	67797	1	67637	30097
28250	541	33	0	0	3	0	0	50026	6	136	0	52370	2	54392	6	51420	56	69085	0	68244	30359
28500	354	38	0	2	1	0	0	50533	5	0	0	52818	5	56320	0	52068	6	69885	1	68852	30633
28750	345	39	0	2	3	0	0	50949	5	3	0	52909	2	54078	0	52379	7	69606	0	69600	30911
29000	359	28	0	2	2	0	0	51440	102	1	0	54032	1	54433	0	52633	57	70381	0	70079	31180
29250	272	44	0	3	2	0	0	51913	4	0	0	53950	2	54958	0	53145	7	70826	0	70904	31435
29500	268	46	0	4	0	0	0	52458	4	2	0	54561	1	55550	0	53895	7	71420	0	71313	31698
29750	456	37	0	106	104	107	0	53061	1	1	0	55252	102	55988	0	61183	6	72025	10	73743	31975
30000	270	44	0	3	2	0	0	53391	5	1	0	55622	2	56507	0	56145	34	72881	0	73353	32354
30250	271	42	0	3	2	0	107	53813	3	3	0	56121	3	57063	0	56667	8	74452	0	73093	33140
30500	275	43	0	2	1	0	0	54275	105	4	0	56860	1	57572	0	56111	6	73883	1	73834	34182
30750	272	47	0	2	0	0	1	54702	15	2	0	57100	2	58022	0	56274	6	74451	0	74293	33196
31000	253	35	0	2	24	1	0	55142	33	3	0	57540	1	58866	0	57595	12	75217	0	74992	33350
31250	356	45	0	2	1	0	0	55479	1	2	0	58024	2	59744	0	57760	8	76017	0	75544	33633
31500	223	43	0	1	2	0	0	56077	6	3	0	58542	2	59382	0	58030	10	76403	0	76152	33923
31750	221	47	0	106	102	0	0	56437	54	8	0	59547	107	59882	0	58672	9	77175	0	76760	34165
32000	205	50	0	2	0	0	0	57082	8	3	0	59519	8	60232	1	58953	6	79480	1	77343	34473
32250	196	47	0	4	4	0	0	57425	108	2	0	60004	2	60762	108	64337	92	78143	0	78056	34728
32500	183	34	0	1	1	0	0	76303	6	0	0	60449	3	61349	0	64082	9	78707	0	78599	34985
32750	330	43	0	1	0	0	0	74191	7	4	0	61066	2	62796	1	61137	7	79562	0	79989	35390
33000	193	60	0	2	0	0	1	63084	2404	3	0	61623	3	71990	0	61565	13	79943	0	79921	35571
33250	203	41	0	0	1	0	0	61479	2	4	0	61990	0	63362	0	62080	9	80527	1	83369	35827
33500	251	53	0	1	1	0	0	61349	58	4	0	65950	4	63661	0	62687	53	81198	12	87435	36113
33750	170	171	0	1	105	3	0	62494	1	3	0	64921	106	64202	1	63310	9	81815	0	82078	36407
34000	149	45	0	105	1	0	0	62898	31	3	0	65222	4	65176	0	68990	9	82360	0	82595	36643
34250	252	55	0	3	3	0	42	64053	2	2	0	65692	4	79568	0	76796	35	82981	11	82957	36956
34500	145	44	0	5	2	0	0	63943	4	2	0	66330	2	65908	0	65802	7	83765	0	83714	37842
34750	141	50	0	3	2	0	0	64640	6	6	0	67158	5	66402	1	65387	8	84195	0	84291	39011
35000	119	41	0	5	3	0	1	76649	3	120	0	67487	5	70172	0	66409	6	85222	0	84987	37763
35250	133	60	0	24	1	0	1	66481	4	3	0	67922	3	68296	0	66628	7	88004	1	85799	38036
35500	135	55	0	3	2	0	0	66083	106	3	0	66783	0	69046	0	67544	6	86096	0	86161	38290
35750	235	56	0	5	104	0	0	67556	4	0	6	67182	105	69228	0	67508	6	86611	0	90945	39171
36000	128	57	0	109	4	0	0	67313	9	1	0	67539	4	69631	0	67727	11	87369	1	114746	38910
36250	120	57	0	4	2	0	0	71554	3	0	0	68011	1	70430	144	68301	37	87840	0	121548	39164
36500	134	58	0	0	0	0	0	95030	7	0	0	68474	0	71870	0	69305	6	88439	0	133839	39437
36750	139	71	0	2	0	0	0	68837	2	1	0	69215	0	83757	0	69681	7	89159	0	125330	39703
37000	153	144	0	0	0	0	0	69806	6	0	0	69819	1	75157	0	69739	114	89630	1	127085	39996
37250	280	66	0	0	3	0	0	70237	106	1	0	72533	2	72330	0	70237	10	91209	0	126537	41481
37500	141	50	0	9	5	0	0	71792	52	1	0	70406	8	72800	0	70669	10	91008	2	127358	43198
37750	138	52	0	3	108	109	1	71512	4	5	0	71001	108	73456	0	70891	8	91767	0	127827	41071
38000	136	68	0	105	3	0	0	71754	10	3	0	71352	2	74877	0	105966	18	93021	0	129521	41130
38250	140	70	0	0	0	0	135	75498	11	7	0	71906	2	76320	0	76994	43	96153	0	139540	41434
38500	139	63	0	3	1	0	0	74136	30	3	0	73339	2	80387	0	83721	18	93381	0	152831	41743
38750	237	76	0	4	2	0	1	75913	111	7	0	72918	3	77123	0	93894	15	94031	1	133077	41965
39000	127	72	0	2	2	0	0	74597	5	2	0	73643	1	78127	0	77174	17	94792	1	129295	42549
39250	126	69	0	3	1	0	0	77527	6	1	0	75841	3	79196	0	80313	8	95257	0	134395	42562
39500	113	74	0	2	0	0	0	84309	8	5	0	74614	1	79828	0	77523	8	95862	0	133015	42817
39750	141	186	0	4	0	0	0	84130	5	3	0	75150	125	81014	0	79367	8	96532	0	136210	43364
40000	168	80	0	102	103	0	0	111364	32	2	0	75788	2	105663	0	80346	6	97207	0	132681	43419
40250	204	74	0	4	4	0	3	79269	5	7	0	76154	3	120443	5	79015	36	97757	0	172802	43729
40500	152	70	0	19	55	0	0	80576	167	2	0	76978	56	82507	0	80344	63	98468	0	151665	44037
40750	90	69	0	2	0	0	0	80535	21	3	0	83540	4	85147	0	80809	59	101221	0	137597	44327
41000	89	66	0	2	0	0	0	97142	6	2	0	79478	0	86146	0	108800	3034	106474	0	140778	45725
41250	104	73	0	1	0	1	1	86173	8	6	0	86980	6	85838	1	101474	11	100444	0	143719	45101
41500	98	70	0	5	0	1	0	85180	3	294	0	79846	1	92382	0	85531	10	101510	0	142635	45294
41750	195	97	0	2	0	4	0	85963	3	7	0	80666	106	85626	0	84532	8	101599	0	147069	45699
42000	108	64	0	108	101	0	1	88218	7	2	0	81369	1	85880	0	85583	65	102215	0	151614	46411
42250	110	73	0	2	1	0	2	87330	105	7	0	81920	1	86855	0	85584	36	104032	0	167898	47972
42500	116	73	0	2	0	1	0	110086	5	7	0	82037	4	89389	1	88026	7	103957	0	147123	49530
42750	119	91	0	1	0	0	0	151349	7	11	0	83339	3	87947	1	88114	7	104209	0	144245	49627
43000	116	167	0	1	0	0	0	93804	6	2	0	82669	0	127300	0	87288	9	105085	0	147495	52278
43250	226	64	0	1	1	0	0	94923	17	4	0	84044	2	103996	0	89338	8	107293	0	145399	52720
43500	108	83	0	2	0	0	0	93545	8	6	0	84707	2	90476	0	90298	7	110450	0	148401	48257
43750	120	91	0	2	2	0	0	94091	123	3	0	93785	4	93600	0	97886	6	107108	0	147346	47941
44000	112	78	0	102	103	0	0	94965	5	4	0	85625	105	106798	0	122082	7	111726	0	155856	48814
44250	103	71	0	2	2	0	0	96296	7	2	0	85678	0	92610	172	92404	36	108749	0	155078	48729
44500	120	78	0	3	0	1	0	98788	9	4	0	87384	3	93410	0	93172	9	108497	0	149939	48814
44750	207	57	0	4	11	1	0	101813	9	14	0	88295	11	97049	1	95191	9	109491	1	155553	49122
45000	102	59	0	2	1	0	0	100772	5	6	0	89570	3	95991	0	94220	58	109808	0	151011	49653
45250	97	72	0	1	3	0	0	106501	7	10	0	93841	4	95154	0	96832	7	110866	0	153102	49713
45500	100	102	0	1	3	1	0	139534	105	5	0	91147	2	95993	0	98279	8	111506	2	164853	50168
45750	100	98	0	2	4	1	0	100322	10	3	0	96814	1	152928	0	98919	8	115181	0	193109	54154
46000	97	183	0	106	106	113	1	101059	18	9	0	99395	103	99791	0	102289	11	116424	0	191369	54238
46250	179	89	0	1	1	0	76	108302	20	3	0	98032	3	101986	0	109936	48	113285	0	155272	51910
46500	95	92	0	4	5	0	0	106488	8	6	0	109806	2	113492	1	121309	13	113986	0	157477	52994
46750	237	92	0	4	4	0	0	123560	8	6	0	96236	3	103679	2	120113	17	116650	0	180909	52598
47000	248	93	0	2	2	0	0	106133	107	5	0	105386	2	104895	2	106649	61	115853	0	161676	52630
47250	137	92	0	2	2	0	0	105852	11	1	0	105157	2	107048	3	109899	7	115831	3	165060	52995
47500	126	91	0	3	2	0	0	110174	9	3	0	104160	2	110367	0	110826	9	116689	2	176166	53443
47750	220	84	0	1	3	1	1	159954	10	2	0	108462	2	108304	1	119291	7	117259	4	166751	53859
48000	110	94	0	101	108	1	0	109777	5	3	0	102725	105	206401	5	111219	8	120136	0	164095	54457
48250	91	100	0	2	7	0	0	110563	5	7	0	105553	4	110923	78	118029	37	123193	0	185549	59023
48500	101	96	0	0	4	0	1	112553	8	3	0	107208	0	114511	0	116211	8	120502	0	210141	63122
48750	159	117	0	1	0	0	0	112907	111	3	0	103688	2	119097	0	129623	7	127491	3	120029	55888
49000	150	198	0	3	9	0	0	147031	26	1	0	122505	11	116821	0	140882	17	121561	2	133209	55553
49250	233	93	0	4	3	2	1	161291	12	2	0	105062	3	116779	0	117517	7	121057	0	122078	55774
49500	130	114	0	0	1	0	0	119504	26	0	0	115344	2	120825	0	119868	6	121925	0	123183	56785
49750	136	110	0	1	3	0	0	167245	9	3	0	135076	1	123608	0	120140	8	123373	0	123496	56551
50000	161	107	0	102	105	4	0	123764	12	3	0	119843	104	180457	0	120071	6	123657	0	125078	56936
50250	212	101	0	3	1	0	68	125184	104	1	0	110520	2	129148	1	124178	35	134682	0	124913	57570
50500	181	109	0	2	2	0	0	125145	8	3	0	172564	7	143945	1	125734	7	125278	0	126453	57751
50750	286	102	0	3	1	0	0	126892	5	1	0	114730	6	138594	0	124695	6	125393	0	125948	57808
51000	184	113	0	2	3	0	0	124877	8	0	0	136020	4	146160	0	189277	7	127515	0	137764	58351
51250	166	105	0	0	1	1	1	126241	6	2	0	118005	3	142907	0	133811	8	127258	0	130755	60447
51500	165	102	0	1	2	0	0	129544	7	312	0	117104	2	147520	0	155321	9	127096	0	128579	59073
51750	174	105	0	1	1	0	0	186104	17	3	0	122349	5	213015	0	140746	6	128052	0	135966	59271
52000	166	118	0	104	106	0	0	136801	116	3	0	123200	104	147664	0	150654	62	129057	0	134101	60099
52250	273	95	0	1	0	0	1	136022	10	3	0	121736	5	155645	3	139679	35	136258	0	131696	59827
52500	166	109	0	2	1	1	0	135061	7	1	0	141410	5	145337	0	155332	12	135941	0	133042	61160
52750	155	123	0	2	0	1	0	147888	7	1	0	157282	7	149697	0	195973	63	132041	0	133034	66196
53000	163	112	0	0	1	2	0	183947	8	6	0	179579	4	155531	0	148702	7	132472	0	144807	72018
53250	163	102	0	1	2	0	0	140360	13	6	0	128626	4	159242	0	142135	8	131434	1	135494	61838
53500	145	114	0	0	0	0	0	188324	9	2	0	131819	5	217489	0	141402	58	133261	0	134729	62186
53750	265	123	0	1	1	0	0	144856	167	1	0	141810	5	177559	0	159289	6	132838	0	137024	65500
54000	142	120	0	167	104	234	0	144056	1	4	0	132229	106	170124	0	156530	8	133358	0	136267	63859
54250	159	114	0	6	5	0	142	145461	11	4	0	134084	8	187674	0	146267	16	149713	0	137230	71491
54500	143	116	0	4	0	0	0	145656	59	6	0	133778	1	192458	0	190259	34	143334	0	138236	63410
54750	183	121	0	9	23	0	0	146702	22	6	0	162792	18	209549	0	152915	30	140601	0	139632	67034
55000	141	457	0	4	1	0	0	159293	12	3	0	141183	9	206929	0	151932	6	138573	0	153162	70320
55250	249	141	0	2	2	0	1	198813	115	1	0	144125	2	173716	0	160115	8	138656	0	142501	64141
55500	152	130	0	2	0	0	1	151700	8	2	0	148541	2	183626	0	161152	8	140866	0	154809	64502
55750	142	128	0	6	0	0	0	167508	4	5	0	147431	2	182499	0	156906	6	140702	0	141788	65437
56000	137	167	0	105	103	0	1	192925	13	3	0	149137	105	246067	1	252664	6	140575	0	146968	65771
56250	138	143	0	6	28	0	0	172659	10	1	0	149912	28	277988	76	178309	61	156269	0	144286	66115
56500	133	111	0	2	2	1	0	163938	9	1	0	179008	2	195705	0	168701	7	149245	0	145422	66075
56750	247	137	0	1	2	0	2	207468	12	2	0	153907	3	195632	0	186774	8	143829	0	157221	75794
57000	138	133	0	3	1	0	0	171038	109	6	0	171506	2	208965	0	168996	80	144790	0	145544	78438
57250	139	130	0	2	1	0	0	175367	6	2	0	159636	1	319205	0	170282	6	145368	0	147103	68832
57500	126	138	0	1	0	0	0	170918	10	0	0	157750	3	240541	0	233893	7	148613	0	146503	70339
57750	146	148	0	0	0	0	0	171875	10	0	0	159868	4	302154	1	175700	7	150101	0	148067	69496
58000	134	149	0	109	101	2	0	172130	6	7	0	188427	104	236474	0	186578	6	163285	0	149388	82052
58250	251	151	0	4	0	0	3	216828	10	2	0	175904	3	277791	0	181182	36	151400	0	153524	77856
58500	130	131	0	2	1	0	0	181800	112	2	0	181646	3	222804	0	238067	8	155236	0	161963	69937
58750	133	138	0	1	1	0	0	177371	14	5	0	178413	2	234753	0	230097	9	152518	0	151830	72409
59000	125	143	0	3	1	0	0	176991	16	1	0	184819	2	252250	1	175268	8	153868	0	152601	70465
59250	128	138	0	0	1	0	0	176644	12	1	0	175931	0	342396	0	204415	7	152276	0	153609	71645
59500	124	106	0	4	2	0	0	221356	7	3	0	200391	0	216504	2	212329	6	152062	0	154047	71304
59750	231	96	0	7	0	0	0	201181	6	3	0	181072	0	189255	1	196114	8	169630	0	155165	72213
60000	141	126	0	107	105	0	0	225177	9	3	0	198292	109	218756	0	256866	6	157740	0	155930	73215
60250	114	123	0	3	0	0	0	218591	107	2	0	179936	2	196681	5	200696	6	155817	0	173104	76061
60500	135	145	0	3	0	1	1	188105	11	4	0	183747	1	284166	0	215303	36	154273	0	157898	90472
60750	124	140	0	0	1	0	0	234484	11	1	0	243614	0	224546	0	221625	59	158414	0	157702	76523
61000	129	158	0	0	1	0	0	211491	12	2	0	195590	5	206510	0	208542	8	156298	0	161264	74094
61250	212	135	0	1	1	0	0	197031	11	6	0	194056	2	270674	1	239251	10	162837	0	160501	74172
61500	187	141	0	18	56	3	0	198401	70	2	0	193390	60	303411	0	234622	4518	177424	0	162160	75933
61750	118	138	0	0	1	0	0	203448	46	3	0	201327	5	243992	0	211496	11	163659	0	166428	80144
62000	128	131	0	104	106	136	0	245643	114	3	0	224900	102	240064	0	216007	76	161901	0	174281	78108
62250	132	134	0	2	2	0	0	215747	12	5	0	223507	1	225380	0	224221	9	163815	6	163373	78253
62500	144	144	0	1	3	0	76	208644	11	4	0	212973	3	277804	0	262281	35	184653	0	165488	79325
62750	235	143	0	1	1	0	0	214880	13	3	0	207588	2	274990	0	233625	9	195169	0	166225	79865
63000	140	146	0	1	1	0	0	223645	13	1	0	208343	3	241243	0	202770	10	208452	0	165893	80297
63250	149	144	0	1	25	0	0	269012	18	1	0	256368	3	264926	0	243279	6	194727	0	168051	81546
63500	127	145	0	0	0	0	0	227994	119	6	0	216891	1	355124	0	274974	7	191336	0	200756	81553
63750	123	151	0	1	2	0	142	219817	10	4	0	223184	2	308243	273	238011	9	166340	0	168133	100777
64000	128	148	0	104	103	1	0	222922	9	4	0	243779	106	306852	0	388288	7	166669	0	170102	84486
64250	220	139	0	2	9	0	0	246573	19	3	0	295972	7	316380	0	294518	7	173419	0	174292	84905
64500	123	153	0	0	1	0	0	255231	10	7	0	258468	4	394149	3	309122	36	176425	0	175788	83583
64750	115	154	0	1	0	1	0	239027	11	11	0	302761	2	386640	0	245207	8	165591	0	177593	84143
65000	125	155	0	0	1	0	0	243244	5	1	0	240270	2	369687	0	260481	6	166729	0	187090	84309
65250	116	158	0	0	2	0	0	238688	116	3	0	287001	6	591299	1	235408	9	196667	0	174545	85004
65500	121	162	0	0	1	0	0	284475	14	7	0	252978	3	692676	0	317303	9	209121	0	175341	86404
65750	287	151	0	0	1	0	0	285168	6483	5	0	251244	4	262096	1	232569	56	213714	0	177425	86885
66000	117	169	0	110	105	2	0	250463	12	5	0	279134	108	263614	0	238015	57	192426	0	181854	86943
66250	115	150	0	2	2	5	0	250291	8	6	0	296344	2	313652	0	242090	10	210174	1	177175	87987
66500	134	168	0	2	1	0	113	294649	8	2	0	262950	3	318595	0	305879	34	220223	1	191776	88496
66750	119	162	0	1	1	0	1	256015	110	12	0	260992	3	275635	0	247736	8	209688	0	181176	108743
67000	126	528	0	11	3	0	0	256753	9	6	0	263226	1	276253	0	294702	58	213659	0	180339	90019
67250	212	150	0	1	2	0	0	266845	8	1	36	299830	4	366045	0	285036	7	208538	0	182724	89591
67500	132	158	0	0	3	1	0	339440	8	8	0	271384	5	274157	0	267957	7	231330	0	183932	92737
67750	115	159	0	3	1	0	0	265912	6	6	0	267363	3	284296	0	258541	8	187128	0	194121	93420
68000	133	174	0	104	103	1	0	271397	5	313	0	319547	104	326555	0	263192	6	180996	0	198222	91505
68250	120	167	0	4	3	0	0	319204	4	6	0	373966	2	378513	1	330265	6	206007	0	188707	92483
68500	121	156	0	0	1	1	0	296633	101	4	0	348520	2	394812	2	303617	35	248396	0	186998	92469
68750	220	164	0	2	1	0	0	284635	69	6	0	356377	0	486061	0	267502	8	232100	0	187748	93500
69000	121	170	0	1	2	0	0	289351	1	2	0	336916	2	356767	0	301367	59	234756	0	188826	93547
69250	120	143	0	1	3	0	0	314110	0	3	0	362594	0	452874	0	322319	7	192850	0	203432	94806
69500	115	151	0	2	2	0	0	288839	0	1	0	403447	2	443706	0	281427	7	223583	0	191879	107336
69750	124	140	0	1	0	0	0	284769	6	0	0	364812	3	315732	0	287697	7	200509	0	193024	103467
70000	123	163	0	104	107	2	0	345310	5	0	0	379302	111	386416	0	350988	6	274156	0	191279	96472
70250	214	150	0	0	1	0	4	296913	104	1	0	352849	6	341956	1	285725	6	200165	0	203544	96228
70500	130	150	0	4	6	2	2	290460	9	17	0	317381	4	416946	0	290022	38	198598	1	214086	96997
70750	118	157	0	0	0	0	0	300463	8	0	0	323155	2	400573	1	316505	6	213382	0	231316	97632
71000	113	150	0	0	1	0	1	334213	8	2	0	397915	2	331887	0	334252	7	215887	0	200235	98234
71250	145	149	0	0	2	0	0	301600	13	11	0	315238	3	341713	0	304968	8	249146	0	199495	98760
71500	115	145	0	1	0	0	0	300050	2	5	0	328286	1	386180	0	319859	7	193983	0	201156	102060
71750	207	158	0	1	4	0	0	342279	112	5	0	355154	1	342149	0	336757	59	223117	1	247019	99010
72000	125	158	0	0	103	0	0	309658	12	1	0	389394	106	351799	0	305211	7	290590	0	270609	103521
72250	115	163	0	117	2	0	0	323264	11	3	0	385895	3	445068	0	328893	7	203409	0	200702	126070
72500	124	168	0	1	1	0	0	325210	9	4	0	384517	0	364205	4	362898	7	295060	0	207211	112961
72750	109	155	0	0	0	0	0	338131	5	4	0	334936	2	344332	0	318882	47	281791	0	214205	102082
73000	100	185	0	1	1	0	1	321887	6	4	0	527274	1	403742	0	344437	6	250016	0	220057	102955
73250	111	159	0	1	0	1	0	329952	16	20	0	516298	3	415210	0	332662	6	270712	0	215064	103719
73500	196	139	0	0	1	0	0	360223	107	4	0	600401	2	392002	0	349351	7	272996	0	207400	104066
73750	95	165	0	1	1	0	0	366478	8	3	0	582412	3	412957	1	357372	7	301561	0	211580	104902
74000	80	161	0	0	102	163	0	411723	14	4	0	561258	107	363908	0	338026	7	238080	25	213571	105664
74250	73	181	0	104	0	0	0	370234	9	5	0	452008	3	462025	0	354397	8	235480	0	224035	109219
74500	87	161	0	3	1	0	4	359310	5	8	0	452722	5	386546	0	353681	6	288804	0	226744	112843
74750	91	156	0	1	3	0	0	405689	13	2	0	414567	4	374884	0	364208	35	357412	0	233470	118874
75000	192	152	0	1	1	0	0	363330	112	2	0	453570	1	445819	0	383424	9	361390	0	222284	105806
75250	96	148	0	3	2	0	0	381143	12	5	0	434396	1	441516	0	362292	7	343586	0	241985	106831
75500	83	155	0	1	1	0	0	429764	13	2	0	543361	1	456086	0	393908	7	279903	0	254479	108225
75750	85	148	0	1	1	0	1	386043	43	1	0	581583	5	427533	0	368624	7	248654	0	233456	108286
76000	70	162	0	4	0	1	0	394242	9	4	0	501198	105	419660	0	390499	6	225162	0	225554	108905
76250	96	151	0	106	101	0	0	419597	10	3	0	472053	1	442683	1	391029	8	254755	0	216605	108471
76500	190	172	0	4	0	1	0	390794	6	4	0	483963	1	402513	335	384797	6	334467	1	219249	111805
76750	95	169	0	3	0	0	1	400511	109	20	0	463391	0	467699	1	357371	88	235434	0	230973	110932
77000	85	158	0	4	0	0	0	395153	11	5	0	490024	1	420360	0	394213	58	217905	0	216583	140368
77250	91	152	0	1	1	0	0	405620	8	5	0	467032	4	478082	1	404776	7	217579	0	219044	114821
77500	83	160	0	1	1	0	0	515985	14	6	0	489789	1	421856	0	434058	6	233058	0	220967	118347
77750	93	163	0	1	0	0	0	379084	8	9	0	472046	2	440127	0	410459	9	216389	0	230159	116373
78000	188	156	0	3	1	3	0	384359	12	2	0	479107	108	497655	1	377707	6	238903	0	229186	114603
78250	98	162	0	105	105	0	0	406686	12	2	0	508161	2	487952	0	429722	58	236415	0	222374	116338
78500	83	162	0	3	5	0	341	372566	108	3	0	496355	2	495713	0	384127	8	231687	0	223838	114937
78750	90	166	0	3	0	0	0	411963	13	28	0	550829	2	448954	1	382251	35	231172	0	225536	120016
79000	79	173	0	1	0	0	0	380960	12	3	0	478140	2	547542	1	436940	6	276595	1	237751	117342
79250	113	151	0	8	20	0	0	382347	11	4	0	507070	7	495828	1	419183	24	276472	1	233300	138950
79500	197	155	0	0	3	1	1	499185	10	4	0	501458	1	539749	0	439625	8	225066	0	230123	119127
79750	97	156	0	1	1	0	0	515962	5	3	0	501754	5	586163	0	402500	6	240905	0	228209	119051
80000	94	161	0	1	0	1	0	522316	108	1	0	514058	1	554657	1	404846	7	227471	0	231296	119685
80250	87	177	0	105	102	1	0	442938	12	3	0	524004	104	462163	1	431139	7	241896	0	245993	119429
80500	93	164	0	1	1	1	0	439103	7	9	0	509413	0	567306	2	394390	6	232564	0	235728	122992
80750	88	167	0	4	1	0	0	432619	12	4	0	554638	4	541176	0	441296	8	228815	0	239978	122587
81000	184	175	0	0	2	0	0	415589	9	4	0	520486	0	545326	0	415822	36	233352	0	238737	120511
81250	96	161	1	1	1	0	0	450782	9	356	0	536135	4	472689	0	458432	7	242836	0	247133	133312
81500	99	164	0	0	2	1	0	412713	13	4	0	526382	2	519959	0	454021	62	234668	1	246369	134372
81750	89	160	0	0	1	0	0	442993	107	3	0	545552	4	479993	0	407470	6	232058	1	235530	123546
82000	93	548	0	1	3	0	1	419314	11	3	0	558605	2	540048	0	476598	8	236740	1	238151	123221
82250	91	168	0	107	104	2	1	417182	9	4	0	560730	109	492292	1	466517	6	239034	1	238410	124483
82500	254	162	0	18	18	0	2	442922	66	7	0	562583	17	580692	0	477748	60	326964	0	253623	126202
82750	87	173	0	1	1	0	0	418672	11	3	0	567599	4	578644	1	426045	7	250227	0	238728	127026
83000	84	180	0	3	11	0	0	463439	14	2	0	581131	6	687036	0	448042	39	251284	0	247870	132112
83250	93	164	0	1	3	0	0	426894	111	4	0	548440	3	582277	0	456801	7	299276	9	279270	139201
83500	84	162	0	0	2	0	0	462242	7	2	0	619840	3	581261	0	445380	8	253189	1	277559	143416
83750	90	162	0	1	0	0	0	432412	9	5	0	541613	3	675625	0	458379	9	335984	0	244440	128118
84000	195	185	0	1	0	0	0	434281	11	2	0	569461	2	552100	0	442352	6	408050	1	246798	128335
84250	93	161	0	104	102	0	0	472062	7	9	0	565815	106	564265	0	472129	7	405345	0	247384	127859
84500	90	163	0	1	3	0	1	450648	8	6	0	550211	4	567725	2	454302	6	368304	2	260708	129260
84750	95	169	0	1	2	0	0	466283	9	4	0	570208	1	599213	0	457344	59	260151	0	250088	130361
85000	85	165	0	4	1	0	0	446887	110	4	0	590261	2	677880	0	482159	37	289486	0	258385	129808
85250	89	170	0	2	1	0	0	475245	8	7	0	606788	5	649921	0	463564	6	274337	0	247137	133388
85500	210	178	0	2	1	0	0	452140	15	6	0	573848	4	623512	0	478827	6	253379	0	259873	149439
85750	88	173	0	0	0	0	0	476920	13	7	0	599533	2	541381	0	470988	10	253109	0	258706	131489
86000	101	178	0	2	0	0	0	476097	9	5	0	594658	3	601460	0	477801	7	260777	0	250114	134067
86250	93	171	0	107	124	185	0	460656	13	8	0	585027	133	596858	0	473163	33	250095	0	253608	132865
86500	88	183	0	1	0	0	3	489435	6	8	0	585072	2	624268	0	474740	59	252059	1	276588	135441
86750	93	165	0	1	2	0	0	490186	111	3	0	587396	0	646472	0	502665	6	252937	0	258862	135262
87000	193	155	0	0	0	0	0	529806	10	6	0	615507	1	654645	0	490450	38	256742	0	255675	149441
87250	97	173	0	2	1	0	0	502828	12	9	0	588787	1	606024	0	514155	6	258981	0	254196	165619
87500	86	170	0	1	1	1	0	527610	7	7	0	649211	3	548446	0	502075	6	270010	0	260156	141304
87750	99	164	0	0	0	0	0	489147	10	7	0	686541	3	651198	0	513556	9	259753	0	264619	136495
88000	81	189	0	0	1	0	0	696818	7	7	0	650772	2	748858	0	481538	6	264776	0	257431	136277
88250	80	165	0	107	100	0	1	637557	109	7	0	630097	105	588610	1	518379	8	263874	0	258136	139627
88500	217	191	0	23	6	0	0	593644	15	4	0	662886	11	633041	3	473120	16	279974	0	260968	137954
88750	109	177	0	3	0	0	0	542803	13	4	0	695141	3	580354	1	522996	7	293161	0	277145	142141
89000	101	170	0	0	2	0	0	532662	10	4	0	682999	2	669644	0	486094	6	322994	0	260060	138910
89250	93	167	0	1	3	0	0	514688	7	7	0	764282	3	590523	1	566309	38	335979	0	267371	158972
89500	91	174	0	1	1	0	0	544976	13	7	0	685747	1	630643	1	524246	7	312853	0	267388	140156
89750	86	180	0	0	1	0	0	531233	9	4	0	737124	5	631327	0	532243	8	269437	0	272713	139755
90000	221	170	0	1	0	0	0	542006	129	4	0	932589	5	591763	1	522153	7	286281	0	264001	145421
90250	94	179	0	104	103	2	0	642699	15	2	0	919992	109	666960	0	536747	15	267943	0	265288	142886
90500	140	174	0	1	1	0	4	731101	14	4	0	719150	2	611910	2	517567	6	283510	0	268766	142393
90750	112	187	0	1	2	0	0	627028	19	5	0	753081	3	694936	1	583039	7	275371	0	277136	144874
91000	105	193	0	1	0	0	0	749983	14	10	0	776149	2	692337	0	509746	60	276591	0	288394	159866
91250	126	180	0	0	6	0	1	613565	19	7	0	743729	2	647750	0	549552	90	270674	0	280294	149952
91500	240	199	0	2	2	0	0	582126	219	0	0	746022	0	669780	0	556307	8	270130	0	279684	145113
91750	116	192	0	1	1	0	0	591830	19	2	0	716972	0	704337	0	541268	6	298255	0	272260	146292
92000	110	197	0	1	1	0	0	578381	12	4	0	745393	1	647781	0	534289	6	284694	0	271578	162865
92250	106	181	0	98	94	0	0	586087	8	4	0	747955	109	674347	0	569947	7012	283575	0	272106	149246
92500	122	175	0	1	0	0	0	616709	14	5	0	702862	2	650985	3	566983	13	272263	0	287809	150196
92750	110	172	0	3	0	0	0	595428	17	1	0	735195	2	677897	0	563265	71	293678	0	273237	167443
93000	220	174	0	0	0	0	0	545008	7	3	0	728589	0	764798	0	557365	12	276171	0	275828	149732
93250	126	191	0	0	1	0	0	598924	212	4	0	711950	1	652280	0	529393	36	274550	0	275902	152227
93500	110	186	0	0	2	0	0	632890	13	3	0	820183	1	696470	0	561518	7	277361	0	296118	150565
93750	119	195	0	0	0	0	0	763752	13	7	0	833429	2	693816	1	543351	8	290698	0	292072	150158
94000	124	200	0	1	2	0	0	602729	49	0	0	869044	2	679447	0	572134	7	278291	0	285620	152785
94250	130	217	0	102	106	2	0	585813	11	1	0	900133	109	706022	0	546909	8	277829	0	291602	157289
94500	244	200	0	1	1	0	1	620971	2	4	0	778135	3	735138	0	584247	6	280515	0	301219	166731
94750	132	194	0	4	3	0	3	593309	209	5	0	788645	2	712356	0	559806	12	301791	0	360039	154008
95000	127	194	0	0	1	0	0	630230	16	6	0	817419	3	717143	0	562315	8	300359	0	410300	155892
95250	97	192	0	0	0	0	0	692837	15	2	0	812385	1	758719	0	563795	35	286762	0	299443	169429
95500	103	201	0	3	11	0	0	1116249	15	5	0	761514	0	701341	0	580487	6	364943	0	289938	154890
95750	117	190	0	2	1	0	0	576015	9	4	0	822489	2	715306	0	564311	8	326208	0	296452	155783
96000	280	203	0	3	0	0	1	573732	13	3	0	857447	4	734192	2	619869	6	303288	0	284026	169433
96250	112	175	0	101	98	0	0	623911	8	5	0	832761	104	719678	0	572159	55	293036	0	282304	159193
96500	115	183	0	1	3	0	0	579311	194	6	0	860792	3	761329	0	597826	9	331681	0	281553	158337
96750	113	185	0	3	0	0	0	576452	14	8	0	812584	2	735888	0	599236	9	389308	0	308608	158812
97000	119	179	0	3	1	0	0	549172	12	0	0	925127	2	747201	0	573264	7	317681	0	348860	158450
97250	119	201	0	1	1	0	0	559399	11	3	0	957302	3	729209	2	592667	36	310319	0	287796	158159
97500	285	184	0	3	0	0	0	558949	15	5	0	1043753	1	778057	0	572391	8	347787	0	288116	159530
97750	119	205	0	2	0	0	0	563043	8	7	0	929257	2	760421	0	675822	6	399356	0	281474	177215
98000	108	207	0	2	0	0	1	562108	15	7	0	949330	2	742758	0	633208	7	354896	0	316465	162095
98250	113	197	0	105	96	3	0	567990	104	4	0	973107	103	807886	0	643024	6	387898	0	285228	165653
98500	113	193	0	1	2	0	0	581100	14	4	0	983680	1	779439	0	604136	6	318004	0	318663	161351
98750	109	204	0	2	2	0	0	568690	39	3	0	892188	2	811286	0	596557	9	305661	0	339309	161797
99000	314	189	0	4	0	0	0	569552	14	4	0	785512	2	780061	0	611864	6	296796	0	382259	162062
99250	117	190	0	3	2	0	1	571710	7	6	0	924047	3	789841	0	588718	40	297584	0	319105	177363
99500	111	195	0	0	2	0	0	597127	10	5	0	827167	1	797962	0	628417	6	308955	0	373040	168378
99750	120	193	0	3	4	0	1	613885	111	6	0	829302	3	879292	2	611947	7	300498	0	295771	171958
100000	114	173	0	10	0	0	0	633297	9	3	0	878123	4	991399	0	604030	9	302858	0	295965	174761
100250	224	188	0	4	102	0	0	672723	29	3	0	832352	124	907868	0	647374	53	302196	2	295797	165900
100500	267	198	0	101	2	0	0	609857	10	5	0	851391	0	834068	0	609556	60	312543	0	307283	167133
100750	149	197	0	1	1	0	0	604280	38	4	0	839169	3	986546	0	623599	9	303075	0	292326	179807
101000	132	198	0	0	1	0	0	590792	14	5	0	841096	2	1040843	0	637797	7	314236	0	291728	170871
101250	119	199	0	2	1	0	0	592879	12	7	0	891702	0	1155032	1	621470	83	317342	0	303819	170225
101500	110	226	0	1	0	0	0	594181	110	5	0	844725	1	887689	10	640813	7	311392	0	294081	168990
101750	117	211	0	3	2	0	0	599277	17	6	0	847223	0	855658	0	622874	6	340115	0	293899	169736
102000	210	207	0	2	1	0	0	634186	16	9	0	875917	1	914799	0	633854	6	325124	0	296323	170440
102250	119	210	0	2	22	0	0	596511	16	2	0	906373	103	835685	1	633231	10	338799	0	322689	179338
102500	144	210	0	110	124	0	0	612539	13	1	0	860169	8	848035	1	649803	30	398747	0	300970	179350
102750	109	218	0	1	3	0	0	611690	7	0	0	842766	1	839183	0	654703	63	328528	0	306567	171944
103000	97	210	0	30	0	0	0	621567	112	14	0	897097	1	853940	0	644092	8	334045	0	312891	174467
103250	152	214	0	51	53	0	1	615087	65	34	0	867240	18	850574	0	659943	85	326388	0	366122	174314
103500	230	223	0	2	1	0	0	639186	12	2	0	869912	2	861002	0	637092	7	325249	0	357367	173861
103750	105	231	0	2	1	0	0	619366	20	7	0	965611	3	833754	0	651906	8	341291	0	393382	182411
104000	187	239	0	0	2	0	0	637768	15	15	0	867610	2	897157	0	706196	9	328834	0	337394	181828
104250	2	8	0	0	0	0	1	7303	0	3	0	10328	0	17677	1	8313	0	3861	0	5360	2123

